10
45
0 1 20.484023778927316
0 2 16.242357753208402
0 3 -36.9882757007482
0 4 -5.870232727869379
0 5 -0.4847864805836579
0 6 -27.269000696112926
0 7 13.57530184828503
0 8 0.6600497904922804
0 9 12.402699508713104
1 2 -4.241666025718915
1 3 -57.47229947967551
1 4 -26.354256506796695
1 5 -20.968810259510974
1 6 -47.75302447504024
1 7 -6.908721930642287
1 8 -19.823973988435036
1 9 -8.081324270214212
2 3 -53.2306334539566
2 4 -22.11259048107778
2 5 -16.72714423379206
2 6 -43.51135844932133
2 7 -2.6670559049233713
2 8 -15.58230796271612
2 9 -3.839658244495297
3 4 31.11804297287882
3 5 36.50348922016454
3 6 9.719275004635271
3 7 50.563577549033226
3 8 37.64832549124048
3 9 49.3909752094613
4 5 5.385446247285721
4 6 -21.398767968243547
4 7 19.445534576154408
4 8 6.530282518361659
4 9 18.272932236582484
5 6 -26.784214215529268
5 7 14.060088328868687
5 8 1.1448362710759383
5 9 12.887485989296762
6 7 40.844302544397955
6 8 27.929050486605206
6 9 39.67170020482603
7 8 -12.915252057792749
7 9 -1.1726023395719256
8 9 11.742649718220823