-34.5458768016067
-24.7097394801534
-23.9619324725708
-19.4341786670065
-12.4087591240876
-9.90627210148488
-7.67777777777778
-5.99873434599763
-5.6
-4.82095070782179
-0.980172259106406
-0.0166370186462586
0
0
0.129114352589583
0.446700822425656
0.827022555928329
2.48110580747812
3.26173207230255
4.06627416853762
5.40091400083091
8.6350828377071
10.8897087107553
13.6083621969322
14.6798950898616
16.0476616026214
17.2128800143911
19.9984967774667
20.1834078752531
22.630987093181
25.0754081632653
26.6243166666667
28.0455725719473
29.7063332683092
31.9134619479579
34.1755056179775
36.0726091202765
38.3078886004664
40.834109439386
42.4877789134995
46.1567714698111
50.026413100898
53.947851634227
55.8178620541269
58.2362605569451
60.8583201267829
63.2973647507891
66.9207317073171
69.156862745098
71.0144927536232