-66.6836230040978
-23.9619324725708
-5.67567567567568
-4.13333333333333
0
3.8804920913884
3.88976314290006
4.96904214559387
4.97170748563777
4.44864224602934
4.45187096774194
5.53375619960188
5.53508771929825
5.44956413449564
6.89664179104478
6.89753540982519
7.42735346240898
7.59390675173237
7.81948986265533
8.18655762841809
8.22634049913516
8.99605745140389
9.00330071908523
9.0338777143867
10.1098807495741
10.3590554264395
12.4480717620676
12.4597777409189
13.3055630206934
13.8913478169014
15.7988125298574
16.7846065083067
18.9740629425138
19.9876591070621
20.9258361609307
20.9545225
21.0031129471195
22.9195059264495
23.0598368087035
25.8785907859079
28.1307274701412
31.0830588235294
34.7771703703704
35.2172592981842
37.7763649237953
43.9733333333333
45.0552945486311
48.4711111111111
50.5576326666667
50.6765696171269