-24.7097394801534
-23.9619324725708
-18.7922785018974
-12.4087591240876
-7.67777777777778
-5.99873434599763
-3.1125513961066
-3.07578131442236
-0.423280423280423
0
0.0113696954489854
1.94908570395308
2.03960396039604
2.9799076590829
3.00167444769725
3.55518425693864
3.63899166386371
4.03618772117059
4.11052466666667
4.94243582489405
5.37762415863198
5.41073938055295
5.85100019599209
6.09474442044636
6.5647803573084
7.11406449864803
7.95904095904096
7.99818291944276
8.41188741721854
8.58372116467722
9.99413795571408
10.0002468614998
12.0660266577413
14.2404892526306
15.454806978939
17.4429761501325
19.9999979831911
20.0023540074034
21.9975189741581
22.0536847272451
24.3420936982877
28.0000902155588
30.7564527595357
31.7698984846256
33.9393478756555
34.2105263157895
32.0105882352941
37.8919134437638
38.3896370837826
39.2547425474255